2018-01-31,https://www.ero.govt.nz/review-reports/sure-start-early-childhood-education-centre-31-01-2018/
2015-05-22,https://www.ero.govt.nz/review-reports/sure-start-early-childhood-education-centre-22-05-2015/
